pal <- c("#440154FF", "#450457FF", "#46075AFF", "#460A5DFF", "#470D60FF", "#471063FF", "#471365FF", "#481668FF", "#48186AFF", "#481B6DFF", "#481D6FFF", "#482071FF", "#482374FF", "#482576FF", "#482878FF", "#472A7AFF", "#472D7BFF", "#472F7DFF", "#46327EFF", "#463480FF", "#453781FF", "#443983FF", "#443B84FF", "#433E85FF", "#424086FF", "#414287FF", "#404588FF", "#3F4788FF", "#3E4989FF", "#3E4C8AFF", "#3D4E8AFF", "#3C508BFF", "#3B528BFF", "#3A548CFF", "#39578CFF", "#38598CFF", "#375B8DFF", "#365D8DFF", "#355F8DFF",  "#34618DFF", "#33638DFF", "#32658EFF", "#31678EFF", "#30698EFF", "#2F6B8EFF", "#2E6D8EFF", "#2E6F8EFF", "#2D718EFF", "#2C728EFF", "#2B748EFF", "#2A768EFF", "#2A788EFF", "#297A8EFF", "#287C8EFF", "#277E8EFF", "#27808EFF", "#26828EFF", "#25838EFF", "#25858EFF", "#24878EFF", "#23898EFF", "#228B8DFF", "#228D8DFF", "#21908DFF", "#21928CFF", "#20928CFF", "#1F958BFF", "#1F978BFF", "#1F998AFF", "#1E9B8AFF", "#1E9D89FF", "#1F9F88FF", "#1FA188FF", "#1FA187FF", "#20A486FF", "#21A685FF", "#22A884FF", "#24AA83FF",  "#25AC82FF", "#27AD81FF", "#29AF7FFF", "#2BB17EFF", "#2EB37CFF", "#30B57BFF", "#33B679FF", "#36B878FF", "#39BA76FF", "#3CBC74FF", "#40BD72FF", "#43BF70FF", "#47C16EFF", "#4BC26CFF", "#4FC46AFF", "#53C568FF", "#57C765FF", "#5BC863FF", "#5FCA60FF", "#65CB5EFF", "#68CD5BFF", "#6ECE58FF", "#72D056FF", "#76D153FF", "#7CD250FF", "#81D34DFF", "#86D549FF", "#8BD646FF", "#90D743FF", "#95D840FF", "#9BD93CFF", "#A0DA39FF", "#A5DB36FF", "#AADC32FF", "#B0DD2FFF", "#B5DE2BFF", "#BADE28FF", "#C0DF25FF", "#C5E021FF",  "#CAE11FFF", "#D0E11CFF", "#D5E21AFF", "#DAE319FF", "#DFE318FF", "#E5E419FF", "#EAE51AFF", "#EFE51CFF", "#F4E61EFF", "#F8E621FF", "#FDE725FF")
